[[0 0 0 1]
 [0 1 0 1]
 [1 1 0 1]
 [1 0 0 1]
 [0 0 1 1]
 [0 1 1 1]
 [1 1 1 1]
 [1 0 1 1]]

[[-5. -5.  5.  1.]
 [-5. -4.  5.  1.]
 [-4. -4.  5.  1.]
 [-4. -5.  5.  1.]
 [-5. -5.  6.  1.]
 [-5. -4.  6.  1.]
 [-4. -4.  6.  1.]
 [-4. -5.  6.  1.]]

[[ -8.66025404 -16.48279104   4.80980981   5.        ]
 [ -8.66025404 -13.18623284   4.80980981   5.        ]
 [ -6.92820323 -13.18623284   4.80980981   5.        ]
 [ -6.92820323 -16.48279104   4.80980981   5.        ]
 [ -8.66025404 -16.48279104   5.81181181   6.        ]
 [ -8.66025404 -13.18623284   5.81181181   6.        ]
 [ -6.92820323 -13.18623284   5.81181181   6.        ]
 [ -6.92820323 -16.48279104   5.81181181   6.        ]]

[[-1.73205081 -3.29655821  0.96196196  1.        ]
 [-1.73205081 -2.63724657  0.96196196  1.        ]
 [-1.38564065 -2.63724657  0.96196196  1.        ]
 [-1.38564065 -3.29655821  0.96196196  1.        ]
 [-1.44337567 -2.74713184  0.9686353   1.        ]
 [-1.44337567 -2.19770547  0.9686353   1.        ]
 [-1.15470054 -2.19770547  0.9686353   1.        ]
 [-1.15470054 -2.74713184  0.9686353   1.        ]]

[[-1.73205081  0.          0.96196196  1.        ]
 [-1.73205081  0.          0.96196196  1.        ]
 [-1.38564065  0.          0.96196196  1.        ]
 [-1.38564065  0.          0.96196196  1.        ]
 [-1.44337567  0.          0.9686353   1.        ]
 [-1.44337567  0.          0.9686353   1.        ]
 [-1.15470054  0.          0.9686353   1.        ]
 [-1.15470054  0.          0.9686353   1.        ]]

[[-702.76877527  540.            0.96196196    1.        ]
 [-702.76877527  540.            0.96196196    1.        ]
 [-370.21502021  540.            0.96196196    1.        ]
 [-370.21502021  540.            0.96196196    1.        ]
 [-425.64064606  540.            0.9686353     1.        ]
 [-425.64064606  540.            0.9686353     1.        ]
 [-148.51251684  540.            0.9686353     1.        ]
 [-148.51251684  540.            0.9686353     1.        ]]

[[-702.76877527  540.        ]
 [-702.76877527  540.        ]
 [-370.21502021  540.        ]
 [-370.21502021  540.        ]
 [-425.64064606  540.        ]
 [-425.64064606  540.        ]
 [-148.51251684  540.        ]
 [-148.51251684  540.        ]]
